start=15.248582
volume=70.000000
