start=807.348000
pause=yes
volume=56.000000
aid=2
sid=no
