start=1863.778583
pause=yes
volume=38.000000
