start=1.960000
volume=64.000000
fullscreen=yes
